------ Current Surface: Coil-Plasma -------
Number of fourier modes in table
151
Table of fourier coefficients
m,n,crc2,czs2,crs2,czc2
     0     0  6.030036123812979E+00  0.000000000000000E+00  6.130463328533363E-02  0.000000000000000E+00 
     1     0 -2.993190448231115E+00 -4.135347656430061E+00 -7.219229395806240E-02 -6.918542559640802E-02 
     2     0  1.380678364146537E-01 -3.601374839542645E-01 -1.560847520896950E-02  1.001233251890592E-01 
     3     0  4.577589809862555E-01  6.787580321003034E-01  6.327765242118956E-02 -7.023448749783806E-02 
     4     0  1.343478672832768E-01  3.415842977201295E-01 -6.462863943505050E-02  1.401841412045181E-02 
     5     0 -1.190655574282058E-01 -8.294471418295482E-02  2.129846920313733E-02  1.491364674767412E-02 
     6     0 -8.659795444853191E-02 -9.458131263971421E-02  3.545514687291236E-02 -1.067966567286005E-02 
     7     0  5.006063122857085E-03 -2.515027025180307E-02 -3.726678594125261E-02 -4.099944856622680E-03 
     8     0  2.723856925780491E-02 -8.921601067075088E-03 -8.439582291465252E-03  1.271017290080733E-02 
     9     0  1.048566532870716E-02  2.593492943219149E-02  2.911085281549854E-02 -6.259520266810145E-03 
    10     0  1.146279150115750E-02  2.729238073421346E-02 -9.619466177177589E-03 -6.239659014252116E-03 
    11     0 -5.140081720034589E-03 -4.542240276284304E-04 -1.069703466493939E-02  8.228895188337323E-03 
    12     0 -1.378843588568817E-02  4.945121686038693E-03  1.072671081505573E-02 -1.790907571983107E-03 
    13     0 -1.465196668978657E-03  1.184832304700979E-03  1.813253973045089E-04 -2.628013221318475E-03 
    14     0  2.657004829202446E-03 -1.281809323886797E-02 -5.558085649525416E-03  2.455995514690370E-03 
    15     0  1.861093658251502E-03  4.976833375495322E-04  2.996460775399730E-03  9.855776793472972E-04 
    16     0  3.687560946502659E-03  1.374771590823577E-02 -6.397879700611711E-04 -3.335858739738378E-03 
    17     0  2.386674430827480E-03  2.850858152233862E-03 -1.649777488860801E-03  1.345498829197577E-03 
    18     0 -4.198986166025705E-03  3.056431415358093E-04  4.300154335314193E-03  1.370545283275742E-03 
    19     0 -3.340495929970247E-03  5.594475941361680E-03 -1.648804879279333E-03 -1.639260232419758E-03 
    20     0  1.826681520598350E-03 -2.760745269025633E-03 -3.782167316486549E-03  1.476267708138165E-04 
    21     0 -1.168458949778368E-05 -2.703350934696189E-03  4.245571839278610E-03  1.839256096729088E-03 
    22     0  8.976619815880856E-04  4.747509120024428E-03 -1.998304474686513E-04 -2.016992715638084E-03 
    23     0  2.096111294316715E-03  2.705533106561710E-03 -3.221874688539537E-03  7.869955243750920E-05 
    24     0 -1.055206044165680E-03  1.562413673172446E-03  2.306393370589854E-03  1.115197999932531E-03 
    25     0 -1.777632489761217E-03  3.557895907069420E-03  1.249137444854677E-03 -7.070063760135606E-04 
    26     0  3.989638219036754E-04 -4.065734199015617E-04 -2.350007258940886E-03 -2.671565684705290E-04 
    27     0 -1.727607073013950E-04 -1.069966769388909E-03  6.738942444281206E-04  9.600445680021729E-04 
    28     0  1.487068725787202E-04  2.380478686729221E-03  8.208479420985240E-04 -4.833145813237231E-04 
    29     0  9.515361584463153E-04  1.562569790570061E-03 -1.285742788306130E-03 -3.611174304201672E-04 
    30     0  3.750408035965059E-04  3.475098628309860E-04  4.640264525531347E-04  3.575493281192277E-04 
    31     0 -9.269381833673140E-04  2.905518781318071E-03  8.131553820141423E-04 -1.032898330668573E-04 
    32     0 -1.791446201659033E-04  1.500620465760687E-03 -8.878565618882569E-04 -1.375413280089776E-04 
    33     0 -1.350946231021382E-04 -5.546793253070846E-04  1.834120749387883E-04  4.193337694335928E-04 
    34     0  5.408128690299994E-05  5.755449324791001E-04  3.327177390789905E-04 -1.739848275551184E-04 
    35     0  4.167986186192286E-04  1.211041362227896E-03 -6.803745116850091E-04 -1.606034551950234E-04 
    36     0  1.838721927745065E-04  9.559377314222316E-04  8.041267800718890E-05  8.589651661350568E-05 
    37     0 -8.949290682400085E-05  1.541320793134336E-03  6.502177570229986E-04 -1.415189579256554E-07 
    38     0 -2.774381293488980E-04  1.300713302285145E-03 -3.458423027055917E-04 -8.066339150856128E-05 
    39     0 -3.399154135205138E-05  2.178457682962456E-04 -2.104754222977452E-04  9.255330569607294E-05 
    40     0 -3.678413930436325E-05  5.597192464040255E-04  1.979145955192611E-04 -5.347157809721335E-06 
    41     0  1.369939513483900E-04  8.533333977985494E-04  4.372378808031794E-05  1.945449195148579E-04 
    42     0 -1.070494761701580E-04  7.593136691198907E-04 -2.329606885705472E-04 -2.442247767035378E-04 
    43     0  2.293554826138911E-04  6.948667889593398E-04  1.400169242527757E-04 -6.235883537962220E-05 
    44     0  9.921454874842405E-05  1.047745225449739E-03 -3.944686160611392E-05  7.153525764648220E-05 
    45     0 -2.826943545727230E-04  9.774502136647345E-04  5.519169593858743E-05  7.878935894236126E-05 
    46     0 -3.127611899785671E-05  4.327572719693362E-04  3.794716398751075E-05 -1.220900630806215E-04 
    47     0  1.438614873754085E-04  3.234957667646597E-04  7.493505626143608E-05  2.338782761159260E-04 
    48     0 -1.822211621557435E-04  8.009009322993448E-04 -2.059948451161339E-04 -2.729892682390087E-05 
    49     0 -1.143658380921378E-06  9.013329373007632E-04 -1.536487724979049E-04 -3.276145475287250E-04 
    50     0  3.220731885842173E-04  5.202287121418717E-04  2.987587420931259E-04  1.420044658813634E-04 
    51     0 -5.243733503710935E-05  6.185735610670318E-04  1.602315712345194E-04  1.771149794149740E-04 
    52     0 -1.750522968224340E-04  7.410178411164212E-04 -2.442147834138204E-04 -1.657343666893266E-04 
    53     0  3.760489989138767E-05  5.870933280619794E-04 -7.230384814216342E-05 -3.434402535687205E-06 
    54     0 -9.057123815087522E-05  5.020587889559984E-04  2.376509472701167E-04  2.112700660681099E-04 
    55     0 -5.122780155794225E-05  3.809466217466461E-04 -1.963077191570635E-04 -1.512197920178229E-04 
    56     0  2.181330725992713E-04  4.248703158044735E-04 -1.678796883703402E-04 -1.128786691540091E-04 
    57     0 -6.803809102793735E-06  8.567320413031051E-04  2.026567792626021E-04  7.467724995333225E-05 
    58     0 -3.359855259314147E-05  7.528467708342935E-04  1.802957471125336E-04  3.968634708805348E-05 
    59     0  5.613032683185143E-05  2.784659708911689E-04 -1.266489189706814E-04  6.224909609068485E-06 
    60     0 -6.770294175869341E-05  3.042972487062645E-04 -1.139572046184072E-04  3.909548133789371E-05 
    61     0 -2.056221624741850E-04  6.773758873255327E-04  6.727036141752184E-05 -2.185289836327087E-05 
    62     0 -6.670016429652473E-06  5.868954910397511E-04  8.201209762579898E-05 -7.147596854359201E-05 
    63     0  2.476283931914444E-04  2.512556952595159E-04  4.071712933580659E-05  1.055674029564989E-05 
    64     0  1.936047800643812E-04  3.755160893303952E-04 -1.225060124792483E-04 -2.028691412544715E-05 
    65     0 -1.115423764795554E-04  6.936789013414620E-04 -3.103419016446627E-05  7.118535422183465E-05 
    66     0 -2.517683730823300E-04  6.255079144003495E-04  4.487607796405340E-05  1.014064367429843E-05 
    67     0 -8.103981272628091E-05  3.227282957215028E-04  1.526852487413631E-04  3.823864965744882E-05 
    68     0  1.007962518609645E-04  2.309727079505537E-04 -9.329386113234977E-05 -7.770468655505215E-05 
    69     0  1.295108787693163E-04  3.941738129268230E-04 -1.037332757923500E-04 -8.782771249598127E-05 
    70     0  1.038287983478878E-04  5.019521568381019E-04  3.099920288771084E-05  4.426792793653984E-05 
    71     0 -3.194167374718111E-05  4.881301859950860E-04  8.481011441004591E-05  1.470876120645940E-04 
    72     0 -1.186793506188634E-04  3.258886348500524E-04 -4.179366094270626E-05 -5.518226716996578E-05 
    73     0 -5.536620514511767E-05  3.713600692158397E-04  5.671167482194567E-05 -8.853222580880227E-05 
    74     0 -8.643903474310286E-05  5.178518148316430E-04  1.229721278572269E-05  3.237552819614874E-05 
    75     0  4.922359380025823E-05  3.242354345706122E-04 -1.195325737286267E-04  2.890421859499816E-05 
    76     0  2.062547770707776E-04  1.815687278701430E-04 -3.770777648062669E-05 -2.928525063130961E-05 
    77     0  1.239710101359596E-04  3.376927880408115E-04  9.560544024464699E-05  3.156237279076747E-05 
    78     0 -1.862574296118588E-04  4.561712665054134E-04  7.685931951119474E-05  2.241260374054997E-07 
    79     0 -1.965982452494042E-04  3.890342378158262E-04  1.785282288845186E-05 -3.755924846973831E-05 
    80     0  1.252506659260852E-05  3.789629132022397E-04 -7.143608710127838E-05  9.176093286322740E-07 
    81     0  1.163180603789048E-04  3.128994199729721E-04 -1.045940108089878E-04  3.224467583402520E-05 
    82     0  1.081095789712276E-04  2.088143411596412E-04  9.038195038548628E-05  1.715402824370162E-05 
    83     0  2.507296223947552E-05  2.406235199735992E-04  1.061177983100096E-04 -2.060758474752415E-05 
    84     0 -5.643490630510707E-05  3.313487719962103E-04 -3.827103298489730E-05 -1.986851128744011E-05 
    85     0 -1.046679939707540E-04  4.036693497996637E-04 -9.142262323124162E-05 -3.172047631510913E-05 
    86     0 -4.265083996271710E-05  4.129388878805582E-04  3.340551006857730E-05  2.402035778509320E-05 
    87     0  3.484835900208070E-05  2.441626587695780E-04  5.593145660193834E-05  6.395728827172058E-05 
    88     0  8.381922496303486E-05  1.266693158664089E-04  3.000807599017958E-06  9.618796234785713E-06 
    89     0  5.879727458198168E-05  1.999047601210637E-04 -4.039913682600590E-05 -6.881270698772480E-05 
    90     0 -1.187385208542887E-05  3.367629194348746E-04 -2.082887040372111E-05 -4.173656193631274E-05 
    91     0 -8.686434066405389E-05  3.412882132756167E-04  6.022104368479499E-05  3.418306112208358E-05 
    92     0 -5.998985710816372E-05  2.873492026273488E-04  3.980998114182346E-05  4.162351176941445E-05 
    93     0  2.613441673266291E-05  2.447282269145863E-04  7.232597462744150E-07  1.381743315254748E-05 
    94     0  5.854639311456419E-05  2.446495560753162E-04 -4.872509760030459E-05 -1.819870838788548E-05 
    95     0  3.242344100609924E-05  1.896251636711685E-04 -2.215299639220675E-05 -2.684903210901735E-05 
    96     0  8.816101394039019E-07  1.402143697264734E-04  5.404560810685822E-07 -1.072359943979030E-05 
    97     0 -2.387493973933857E-05  2.483871954545812E-04  3.755758179407806E-05  1.665037393932890E-05 
    98     0 -4.797739148840520E-05  3.367763696342037E-04 -1.485181315018936E-05 -1.368763362430181E-06 
    99     0 -1.216177539907729E-05  2.700921268202722E-04  2.756080738277976E-05  2.086821148317427E-05 
   100     0  2.624640308577180E-05  1.615517281253771E-04  1.756620970520012E-05 -9.059352939894316E-07 
   101     0  2.983722123358027E-05  1.492404286670319E-04 -3.249472604620883E-05 -2.606617870954731E-06 
   102     0  1.440668808120475E-05  1.444409182526009E-04 -4.240362861956700E-05 -2.155723004079856E-05 
   103     0 -7.476565414907115E-06  2.297509101326489E-04  4.516451715951140E-05  1.290692838802313E-06 
   104     0 -1.282688875668026E-05  2.528765523767201E-04  3.475917919417986E-05 -6.230676699028862E-07 
   105     0 -2.872065497301485E-05  2.146438040151601E-04 -9.580847412667788E-06  1.091546711033829E-05 
   106     0 -1.942077230317805E-05  1.781647294550695E-04  2.621729531716798E-05  1.034729009849471E-05 
   107     0  2.623245973456989E-05  1.796523254113635E-04 -4.286497896745236E-06 -9.724901164729128E-07 
   108     0  4.865628959646680E-05  1.286297279317842E-04 -2.716631956085120E-05 -8.925593609671785E-07 
   109     0  1.215039469663952E-06  1.245546309871408E-04 -2.751627120700175E-05 -1.560767753902597E-05 
   110     0 -3.817781616550922E-05  1.864460313557565E-04  2.378307756594128E-05 -1.462743337645624E-05 
   111     0 -2.254150428872292E-05  1.983450466437768E-04  2.849503921802184E-05  1.453378196706625E-05 
   112     0  6.033099285143912E-06  1.996534911485051E-04  3.663676892393377E-05  2.109005829079399E-05 
   113     0  2.332849560150780E-05  1.582506541350992E-04 -6.724624822190386E-06 -1.117322610014453E-06 
   114     0  2.834431254656138E-06  1.232030299728858E-04 -2.978101307697725E-05 -1.324044127282372E-05 
   115     0 -6.879044926828471E-06  8.265963245756619E-05 -1.756113568835150E-05 -6.663767416454136E-06 
   116     0  6.392556804337162E-06  1.396325720018217E-04  6.058939053122249E-06  4.061877924297512E-06 
   117     0  8.077787942677734E-06  1.641939703222305E-04  1.564068915609543E-05  4.981463985837171E-06 
   118     0 -1.661925468199963E-05  1.659889126506510E-04  8.024776803221783E-06 -1.104114498513886E-05 
   119     0 -2.073499830095607E-05  1.160428348961171E-04  2.268331437457675E-05  2.028473824332031E-06 
   120     0 -3.620091180067620E-06  1.142308716487551E-04  3.314997209781622E-06  2.226765184201038E-05 
   121     0  3.600812989705390E-05  1.054499227683196E-04 -7.454993221721302E-06 -3.961240510879758E-06 
   122     0  3.391777597115850E-05  1.008769978388440E-04 -2.292542301896145E-05 -1.613228086801107E-05 
   123     0 -2.976179262438587E-05  1.032362792997060E-04  4.697069900786201E-06 -2.455224101088719E-06 
   124     0 -5.043214392342122E-05  1.089632109940318E-04  4.230722125142637E-06 -4.528864347995459E-06 
   125     0  8.458781150772887E-06  1.260070098956558E-04  4.103335374625149E-05  7.234721925546410E-06 
   126     0  4.035909880739873E-05  1.212188674543720E-04  2.017416620111497E-05  1.818830035369153E-05 
   127     0  8.193896986807651E-06  9.614198175852033E-05 -2.313699305070839E-05 -4.026584282831336E-06 
   128     0 -1.436263937377625E-05  3.498412317598179E-05 -4.075445984675900E-05 -1.424493298153334E-05 
   129     0 -1.556077527318882E-05  6.510404696037872E-05  6.033693639547397E-06  2.301257089430677E-06 
   130     0  2.214683296646376E-06  9.073928668971677E-05  3.120362985707698E-05  9.700430959398682E-07 
   131     0  1.235321502405512E-05  1.081585783207592E-04  1.997007240031104E-05 -6.368886742002394E-06 
   132     0 -4.776738927667333E-06  8.372437829994167E-05  8.110859416794268E-06  1.054765750818955E-06 
   133     0 -1.413876943639337E-05  8.107321587821126E-05 -1.015908254181115E-05  1.249447714212607E-05 
   134     0  1.104880466571695E-05  4.792435728858683E-05  5.178145081023352E-06  7.360178497463536E-06 
   135     0  2.353273808527184E-05  4.057540463625645E-05 -9.464039150204008E-06 -5.394098462597156E-06 
   136     0 -3.737065386383372E-06  4.372484569851917E-05 -5.835597130234724E-06 -1.752769795751994E-05 
   137     0 -3.795036204550228E-05  6.654481425267987E-05 -5.220305134458579E-06 -4.041712217139083E-06 
   138     0 -8.938365822978516E-06  7.199583715799194E-05  2.975245219891546E-05  4.237156366809144E-06 
   139     0  3.289097633466351E-05  4.115255468004745E-05  1.493124241169837E-05  1.845288697574774E-05 
   140     0  3.171994046667616E-05  3.847607263659853E-05  3.485073985542765E-06  8.686111682886839E-06 
   141     0 -2.276418795599402E-05  3.772987128580395E-05 -2.415413618519550E-05 -1.406582068886731E-05 
   142     0 -3.485854199540148E-05  3.598587458115654E-05 -4.070537453309104E-06 -1.601482189799392E-05 
   143     0 -1.618075208060670E-06  4.202872384918044E-06  1.419124898484493E-05  4.526355163367725E-06 
   144     0  2.846778552004306E-05  3.003673241158725E-05  1.011709615885982E-05  8.538167353106527E-06 
   145     0  2.212026298327645E-05  3.000282110507383E-05  5.826918011432674E-06 -5.649487394536201E-07 
   146     0 -1.772383636113343E-05  5.059989125823531E-05  1.313063392186193E-05  4.227371115097214E-06 
   147     0 -2.914314835067507E-05  1.869542434872186E-05  1.926702973941527E-06  1.403659225046410E-06 
   148     0  3.886696182946135E-06 -1.295831136004518E-05 -2.949120562692641E-05 -7.084793063674802E-06 
   149     0  3.455036053421139E-05 -1.749607584279106E-05  4.523680415829478E-06 -4.019992468208123E-06 
   150     0 -2.646359895334473E-06  1.947757981919109E-05  1.159064712293679E-05  6.146635090328113E-06 
