------ Current Surface: Coil-Plasma -------
Number of fourier modes in table
151
Table of fourier coefficients
m,n,crc2,czs2,crs2,czc2
     0     0  6.169646768267243E+00  0.000000000000000E+00  4.270079687706821E-02  0.000000000000000E+00 
     1     0 -3.664149896165372E+00 -4.836227656007726E+00 -1.048062144040958E-01 -1.505948465646078E-02 
     2     0  2.009284502621113E-01 -2.008471772399616E-01 -1.297250664028688E-02  7.821605750939195E-02 
     3     0  5.357209551661630E-01  7.181748555939855E-01  6.350921923386664E-02 -8.645426504227972E-02 
     4     0  1.403832054614920E-01  2.978783261089704E-01 -3.760405435848903E-02  2.740321394997636E-02 
     5     0 -1.275560013861365E-01 -5.960874767023365E-02  2.215694531483350E-02  1.985250102146954E-03 
     6     0 -7.657975389557926E-02 -8.251476065902165E-02  9.088923427606460E-04 -3.316209272729313E-03 
     7     0 -1.450498035491079E-02 -5.261217018823597E-02 -2.269298563567048E-02  8.399635384836589E-03 
     8     0  2.082987573221754E-02 -7.442673066502982E-03  7.361872047978581E-04 -6.629361673250017E-04 
     9     0  2.296892448448029E-02  2.339849447575511E-02  7.734245928026203E-03 -6.118439585223316E-03 
    10     0  1.117986959338041E-02  2.319939617243561E-02 -3.294127406311830E-03 -1.086235632159952E-03 
    11     0 -5.476991220390310E-03  7.593565132479354E-03 -1.907761734984207E-03  2.645196148015240E-03 
    12     0 -1.010983905174459E-02 -5.338861594003294E-04  2.014364490452506E-03 -4.692905538759462E-04 
    13     0 -4.937438187495544E-03 -6.682581921897696E-03 -2.240296676579975E-03  1.387231830415606E-03 
    14     0 -8.405824702802549E-04 -6.944176624782121E-03 -3.184064414568143E-03  6.406124782674144E-04 
    15     0  4.202239884598445E-03  6.462309992205422E-04 -1.999522561825169E-03 -5.705614812074776E-04 
    16     0  4.010538144185283E-03  4.255431693651563E-03 -4.701968575102141E-04 -1.396974790126220E-03 
    17     0  1.379551413866707E-03  3.683679772894829E-03  8.373851805286338E-04 -2.260845856333534E-04 
    18     0 -1.770881876559439E-03  2.667335731021015E-03  4.419241155167159E-04  3.996475468036721E-05 
    19     0 -2.144016361645751E-03  8.399885059791462E-04 -1.720281288551862E-03  1.050217825903617E-03 
    20     0 -1.524081341625885E-03 -2.055423234735915E-03 -1.603700716849831E-03  4.226881478816819E-04 
    21     0  3.997905567506065E-05 -2.193261368165177E-03 -8.211054151052619E-04 -5.981325724077874E-05 
    22     0  1.479110540619912E-03  3.285581957047084E-05 -6.201041908304127E-04 -6.537788816437767E-04 
    23     0  1.430907160849806E-03  2.088549674604497E-03 -2.848220676940349E-04 -2.585783792230005E-04 
    24     0  4.669150624336487E-04  2.359253635602496E-03  1.903248330672444E-05 -2.460989300576599E-04 
    25     0 -1.036333926565024E-03  5.979231826393184E-04 -3.591779494388071E-04  4.887284307782860E-04 
    26     0 -1.099687555098944E-03 -5.605733085268120E-04 -4.583296503312244E-04  1.437756721901046E-04 
    27     0 -3.573261010935199E-04 -3.910207321562511E-04 -6.050644168893288E-04  2.846699758186755E-04 
    28     0  5.168410904787246E-04  2.126886375023778E-04 -6.157333315265625E-04 -1.821779356346559E-04 
    29     0  5.457358682096968E-04  3.646325316147425E-04 -6.905226935937743E-04 -6.657242042275374E-05 
    30     0  4.583428381042356E-04  6.904680664540039E-04 -2.015852825413185E-04 -4.647747141092696E-04 
    31     0 -1.725680714206691E-04  7.702497263125331E-04  1.078444399331805E-06  2.141314774615054E-04 
    32     0 -2.411326403673894E-04  7.858738103180673E-04  1.852838376324400E-04 -8.327316920659523E-05 
    33     0 -3.896602406745404E-04  2.187064685773544E-04 -7.180732939102471E-04  3.425505069951037E-04 
    34     0 -6.116542298136918E-05 -2.152177859850098E-04 -7.903292031611373E-04  1.463185642178130E-04 
    35     0 -8.599217317993261E-05 -9.379095207582610E-07 -3.739952919590800E-04  1.825366091137113E-06 
    36     0  5.280644239861166E-04  5.923855459268654E-04  5.479178764569068E-05 -5.029234221269171E-04 
    37     0  2.051106147968299E-04  6.849466883896080E-04 -1.867502330416639E-04  1.099843341089926E-05 
    38     0 -1.085529568211224E-04  4.556782146019126E-04 -4.874644607393089E-04  1.904760278131668E-04 
    39     0 -3.041791083686193E-04  1.780076270820433E-04 -3.348994525933555E-04  3.111412254535966E-05 
    40     0 -1.000695325654007E-04  1.041932298199318E-04 -1.067291225723358E-04  8.926986201158282E-05 
    41     0  1.512946083838732E-05  3.605790669556492E-04 -8.027259627718203E-05 -2.489594654307802E-05 
    42     0  9.470998251406737E-05  4.808704207892067E-04 -5.056464324410020E-04 -6.479971946969725E-05 
    43     0  1.875267775319096E-04  3.242782883285977E-04 -5.623338078676671E-04  3.843944281182944E-05 
    44     0 -8.576761697582615E-05  1.709366615138147E-04  2.095996621999445E-05 -6.164835750999266E-05 
    45     0  8.438804375003814E-06  5.539565645910606E-04  4.748241331757152E-05 -1.292061707962050E-04 
    46     0 -3.854857872545629E-05  4.427443456523824E-04 -3.397485722397874E-04  2.475987634923671E-05 
    47     0  1.114523768415776E-05  3.091472198003345E-04 -5.248398424763344E-04  3.046562676545215E-04 
    48     0 -1.437770726759693E-04  2.009285209567911E-04 -1.050422195835563E-04 -7.192614097057365E-05 
    49     0  4.629267554856322E-05  3.775107730232289E-04  1.359336306474289E-05 -1.125366395465548E-04 
    50     0  7.691232008457106E-05  4.814144028058719E-04 -7.905378893004377E-05 -1.065706294973611E-04 
    51     0  1.033621778731079E-04  4.735395553411344E-04 -4.516913525297575E-04  1.187532680617995E-04 
    52     0 -5.250853483782501E-05  2.301380943307383E-04 -3.033976525861553E-04 -3.196139612788475E-07 
    53     0 -7.601914218420623E-05  2.123229608909648E-04  2.149702195345002E-05 -1.879804296847944E-05 
    54     0 -4.740833509802422E-05  3.704176448207814E-04  7.032503286776514E-05 -4.993992476455893E-05 
    55     0  9.638901953057082E-05  5.421531216818689E-04 -2.905822623840479E-04  8.790008121238746E-05 
    56     0 -3.754082094428449E-05  4.116006471062738E-04 -2.703875748056857E-04  5.764914315192704E-05 
    57     0 -1.571688065643327E-05  2.783855560319400E-04 -7.918306685065690E-05 -1.898334226025828E-05 
    58     0 -1.547729945242008E-05  2.349862602860454E-04  2.819336202256521E-05 -1.448812769006594E-04 
    59     0  7.698685826677198E-05  4.098070103775535E-04 -1.690238700684285E-04 -2.812010698995577E-06 
    60     0  7.102876586554976E-05  5.042696294858013E-04 -3.155015232299138E-04  7.283236923939051E-05 
    61     0 -1.001060713341919E-04  2.851878881675532E-04 -8.539531775507570E-05  2.265020042397903E-05 
    62     0 -9.713230956081866E-05  2.599036168908511E-04  1.531469592097258E-04  1.368322263043377E-05 
    63     0  3.091704000592327E-05  4.681285432932151E-04  1.720409127284416E-05  1.866666323875478E-05 
    64     0  7.455296343456890E-05  4.973938639910125E-04 -2.984737212136576E-04  1.878202926829026E-05 
    65     0  1.227957969022784E-05  2.969066220992376E-04 -1.393946947201296E-04 -1.158519883917982E-04 
    66     0  1.653515663517506E-05  2.491168932192098E-04 -3.456242328983741E-06 -4.915553054040968E-05 
    67     0 -2.857897711648500E-05  3.311406008670146E-04 -4.719971135587653E-05  8.859282227596476E-05 
    68     0 -3.144877786179971E-05  4.557422158575358E-04 -4.522083654967219E-05  5.422931560545800E-05 
    69     0  4.052654284145579E-06  4.645619685838908E-04  7.167961497774455E-05 -5.008729010646039E-05 
    70     0 -1.125355098002367E-05  3.254156274218065E-04  3.995975443568104E-06  2.103102506997885E-05 
    71     0 -2.417944884794904E-05  2.747283880748974E-04 -1.538617305696646E-04  1.056004787737595E-04 
    72     0  5.529526936387512E-05  4.011551061161083E-04 -6.657874675631786E-05 -1.010306744003293E-04 
    73     0  4.489232598130043E-05  4.296784678407549E-04  5.630777202903815E-05 -1.477698421228991E-04 
    74     0  3.915578774267725E-06  3.351952168486761E-04  7.059099871437556E-05 -3.478517395730605E-05 
    75     0 -5.235969595663391E-05  3.055858426839151E-04 -9.991103606146176E-05  1.726692068129488E-04 
    76     0 -6.012525081443903E-05  3.300831573868138E-04 -6.236283040439241E-05  1.729604662101796E-04 
    77     0 -2.459568609872234E-05  4.281153618389905E-04  1.488150167671895E-04 -1.710563548002819E-06 
    78     0  5.342858571659146E-05  4.122361410797721E-04  2.167221322352703E-04 -2.300418088447255E-04 
    79     0  1.079012221632780E-04  3.670199431182653E-04 -2.283867894893565E-05 -1.470593573261587E-04 
    80     0  1.708267756692535E-05  2.878524267236626E-04 -1.977747039235545E-04  7.911947084646490E-05 
    81     0 -9.100462803049015E-05  3.160423630934885E-04 -7.004490747545183E-05  1.516259398393527E-04 
    82     0 -1.144646407103483E-04  3.282561272223299E-04  1.919873964326294E-04  9.294130552585211E-05 
    83     0  4.342571648226901E-05  4.371160107180978E-04  2.625061187246682E-04 -6.634024714973764E-06 
    84     0  8.852470345722031E-05  4.174148742094302E-04  1.291811979372814E-04 -1.008158154995613E-04 
    85     0  4.359957892382916E-05  3.289698559286440E-04 -3.515902340245520E-05 -1.168754813821611E-04 
    86     0 -4.360070113722769E-05  2.557688665725967E-04 -1.792075126994602E-05 -3.108318252244921E-05 
    87     0 -3.994643782254281E-05  3.375382635113304E-04  4.169532585147373E-05  8.218445890854669E-05 
    88     0 -1.527133957906351E-05  3.877336673443957E-04  1.130478087575481E-04  1.159372157190967E-04 
    89     0  3.079753599904892E-05  3.730256378588518E-04  1.649476473988459E-04  5.422953248399699E-05 
    90     0 -4.211037747101238E-06  3.263314503481964E-04  2.017656227276582E-04 -6.125424001762799E-05 
    91     0 -1.924233533389893E-05  2.962799550572089E-04  1.376827991653204E-04 -9.594567644573503E-05 
    92     0  3.106168581944129E-05  3.401514289623954E-04  1.077254708287952E-04 -7.731267141880369E-05 
    93     0  4.414278877274129E-05  3.537823419620748E-04  6.837249640839768E-05  2.666723617085249E-05 
    94     0 -3.785008510943474E-05  3.175260441367988E-04  7.738870497515661E-05  9.472294689649343E-05 
    95     0 -5.338621290262531E-05  2.826899526135903E-04  1.169910199926763E-04  9.314488433626156E-05 
    96     0 -3.306884130882809E-06  3.315215133391107E-04  2.216607635683367E-04 -2.432899309360344E-05 
    97     0  4.832274234602612E-05  3.509338912316239E-04  2.537279362388432E-04 -7.155276616467330E-05 
    98     0  3.034437250594684E-05  3.194722014533729E-04  2.040648015900509E-04 -8.436532797326954E-05 
    99     0 -1.448188322276028E-05  2.649471345042526E-04  1.069926964159332E-04 -4.764364456259535E-06 
   100     0 -4.124724487326405E-05  2.824941456255701E-04  7.080615040290454E-05  6.743414981697983E-05 
   101     0  1.516495629784082E-06  3.245579870224833E-04  1.649441653145164E-04  6.630927285361599E-05 
   102     0  2.288668462976353E-05  3.274406462447143E-04  2.426716280827128E-04  5.667884766601999E-06 
   103     0  2.462980057992244E-06  2.881826848518385E-04  2.573294183286044E-04 -3.103364938931802E-05 
   104     0 -1.566677222319338E-05  2.626474121578348E-04  1.956816279927074E-04 -3.759107361309417E-05 
   105     0  9.201104815768447E-07  2.773865245138863E-04  2.253715842431916E-04 -4.813801421475947E-05 
   106     0  1.900235962724058E-05  2.834074833596827E-04  1.915187145208441E-04  1.961265849832867E-05 
   107     0  7.324003387666184E-06  2.808299213614660E-04  1.815371132894464E-04  4.064923507654605E-05 
   108     0 -2.732979171728230E-05  2.492559602987411E-04  1.691458083691116E-04  3.945764261404144E-05 
   109     0 -1.352889182705942E-05  2.763190165324412E-04  2.599619668288449E-04 -3.072680073864502E-06 
   110     0  1.627957213680413E-05  2.832971376361063E-04  2.948842374167341E-04 -2.341986575995381E-05 
   111     0  1.581997649070836E-05  2.564628355291930E-04  2.683753817590961E-04 -3.569589915997186E-05 
   112     0  6.691206529654328E-06  2.138987751292292E-04  2.141483517155149E-04 -2.254735879873368E-05 
   113     0 -1.620124635031672E-05  2.306910263672973E-04  2.106120566827808E-04  2.040062007279471E-05 
   114     0 -1.129955882516995E-05  2.434361870120809E-04  2.423335148309559E-04  3.731333689361508E-05 
   115     0 -1.181898026628441E-06  2.578009791993640E-04  2.589227556377252E-04  2.395079755307258E-05 
   116     0  1.825534442533399E-05  2.352990895134952E-04  2.831776815858213E-04 -1.674293498965907E-05 
   117     0 -2.060475979484798E-06  2.235544745552990E-04  2.822652062794410E-04 -2.394522588887024E-05 
   118     0 -1.048539350335067E-05  1.960988121314013E-04  2.918079812821762E-04 -2.304257764244004E-05 
   119     0  1.253008198509256E-05  2.102272891972035E-04  2.626092743045551E-04  5.488888295859869E-06 
   120     0  5.285766054052430E-07  1.973154989743006E-04  2.627420086709931E-04  1.444695859215158E-05 
   121     0 -8.740587829918611E-06  1.988302259777731E-04  2.547423212021569E-04  1.706468821458698E-05 
   122     0 -1.420109583808763E-05  1.945832096791569E-04  3.038484763307073E-04  4.229642953384219E-06 
   123     0  1.341818020712361E-05  2.089310316900348E-04  3.125056400572256E-04  4.015992215992003E-06 
   124     0  5.743950602851157E-06  1.960156043043733E-04  3.190396548994082E-04 -1.532804575658040E-05 
   125     0  1.227260248230716E-05  1.588578261259187E-04  2.793316604502462E-04 -2.755541314223488E-05 
   126     0 -1.068554051550761E-05  1.364558641898170E-04  2.947645943822969E-04 -6.457995927072042E-06 
   127     0 -1.303659442822377E-05  1.558801576814182E-04  2.992205032947001E-04  2.859937164833491E-05 
   128     0 -5.894957594745804E-06  1.826472315882378E-04  3.067990277210083E-04  3.180607528816715E-05 
   129     0  1.081981202142467E-05  1.529820533552932E-04  3.129904369433740E-04 -1.066684255688666E-05 
   130     0  8.820932256998763E-06  1.478320036729521E-04  3.345709274751314E-04 -2.484053559849802E-05 
   131     0  6.830769315631276E-06  1.331347852323722E-04  3.337064109081860E-04 -1.453374912247309E-05 
   132     0 -5.088984462078487E-06  1.315393323121125E-04  3.117598981482539E-04  1.136949545481679E-05 
   133     0 -1.690572540723037E-05  9.566092493867355E-05  3.035506599910627E-04  1.164375691746410E-05 
   134     0 -1.431219311565007E-06  1.147781073467604E-04  3.110496898527115E-04 -2.267197786486106E-06 
   135     0  8.034642145228782E-06  1.166322204301971E-04  3.467116272529685E-04  1.146718741450697E-06 
   136     0  8.942258544146496E-06  1.270027851127248E-04  3.460426628835787E-04  6.863811670540441E-06 
   137     0 -7.627903276771040E-07  8.502364795158807E-05  3.356821325561969E-04  2.072889004293453E-06 
   138     0  1.036628431572896E-07  8.003643230324822E-05  3.142687858359777E-04 -2.600152194812133E-05 
   139     0 -6.778454872323003E-06  7.919531413909912E-05  3.400204127394591E-04 -2.711626010396248E-06 
   140     0 -4.087338625182174E-06  8.305306384169809E-05  3.382594830976754E-04  1.869054694240449E-05 
   141     0 -2.952243495596111E-06  5.769239979117081E-05  3.441775913939286E-04  1.853029291047317E-05 
   142     0  9.481378954961840E-06  5.401753404565422E-05  3.229743610077503E-04 -1.381715416661226E-05 
   143     0  9.872619120612997E-06  6.517271553399415E-05  3.428758539895139E-04 -2.010537052508520E-05 
   144     0 -9.618359454358648E-06  5.048549178393409E-05  3.513047798888008E-04  4.737858983561771E-06 
   145     0 -4.792291737368219E-06  4.155573813585169E-05  3.646195202612513E-04  2.061629170356638E-05 
   146     0 -4.835342745516914E-07  1.830006695890947E-05  3.355520154412488E-04  2.888667851554279E-06 
   147     0  4.858813706754694E-06  2.970842095881525E-05  3.310341232988811E-04 -2.645911677621449E-05 
   148     0 -1.320921413302891E-06  1.598115397617103E-05  3.283730776632422E-04 -5.521156523430196E-06 
   149     0  3.930797855646303E-06  1.696121175429223E-05  3.478845698034737E-04  2.096640181842751E-05 
   150     0 -3.504947544696188E-06 -7.378386694735433E-06  3.597926278655569E-04  2.154405714373408E-05 
